111111110000000000000000000000000000
000000001000000000000000000000000000
100000001000000000000000000000000000
010000001000000000000000000000000000
110000001000000000000000000000000000
001000001000000000000000000000000000
101000001000000000000000000000000000
011000001000000000000000000000000000
111000001000000000000000000000000000
000100001000000000000000000000000000
100100001000000000000000000000000000
010100001000000000000000000000000000
110100001000000000000000000000000000
001100001000000000000000000000000000
101100001000000000000000000000000000
011100001000000000000000000000000000
111100001000000000000000000000000000
000010001000000000000000000000000000
100010001000000000000000000000000000
010010001000000000000000000000000000
110010001000000000000000000000000000
001010001000000000000000000000000000
101010001000000000000000000000000000
011010001000000000000000000000000000
111010001000000000000000000000000000
000110001000000000000000000000000000
100110001000000000000000000000000000
010110001000000000000000000000000000
110110001000000000000000000000000000
001110001000000000000000000000000000
101110001000000000000000000000000000
011110001000000000000000000000000000
111110001000000000000000000000000000
000001001000000000000000000000000000
100001001000000000000000000000000000
010001001000000000000000000000000000
110001001000000000000000000000000000
001001001000000000000000000000000000
101001001000000000000000000000000000
011001001000000000000000000000000000
111001001000000000000000000000000000
000101001000000000000000000000000000
100101001000000000000000000000000000
010101001000000000000000000000000000
110101001000000000000000000000000000
001101001000000000000000000000000000
101101001000000000000000000000000000
011101001000000000000000000000000000
111101001000000000000000000000000000
000011001000000000000000000000000000
100011001000000000000000000000000000
010011001000000000000000000000000000
110011001000000000000000000000000000
001011001000000000000000000000000000
101011001000000000000000000000000000
011011001000000000000000000000000000
111011001000000000000000000000000000
000111001000000000000000000000000000
100111001000000000000000000000000000
010111001000000000000000000000000000
110111001000000000000000000000000000
001111001000000000000000000000000000
101111001000000000000000000000000000
011111001000000000000000000000000000
111111001000000000000000000000000000
000000101000000000000000000000000000
100000101000000000000000000000000000
010000101000000000000000000000000000
110000101000000000000000000000000000
001000101000000000000000000000000000
101000101000000000000000000000000000
011000101000000000000000000000000000
111000101000000000000000000000000000
000100101000000000000000000000000000
100100101000000000000000000000000000
010100101000000000000000000000000000
110100101000000000000000000000000000
001100101000000000000000000000000000
101100101000000000000000000000000000
011100101000000000000000000000000000
111100101000000000000000000000000000
000010101000000000000000000000000000
100010101000000000000000000000000000
010010101000000000000000000000000000
110010101000000000000000000000000000
001010101000000000000000000000000000
101010101000000000000000000000000000
011010101000000000000000000000000000
111010101000000000000000000000000000
000110101000000000000000000000000000
100110101000000000000000000000000000
010110101000000000000000000000000000
110110101000000000000000000000000000
001110101000000000000000000000000000
101110101000000000000000000000000000
011110101000000000000000000000000000
111110101000000000000000000000000000
000001101000000000000000000000000000
100001101000000000000000000000000000
010001101000000000000000000000000000
110001101000000000000000000000000000
001001101000000000000000000000000000
101001101000000000000000000000000000
011001101000000000000000000000000000
111001101000000000000000000000000000
000101101000000000000000000000000000
100101101000000000000000000000000000
010101101000000000000000000000000000
110101101000000000000000000000000000
001101101000000000000000000000000000
101101101000000000000000000000000000
011101101000000000000000000000000000
111101101000000000000000000000000000
000011101000000000000000000000000000
100011101000000000000000000000000000
010011101000000000000000000000000000
110011101000000000000000000000000000
001011101000000000000000000000000000
101011101000000000000000000000000000
011011101000000000000000000000000000
111011101000000000000000000000000000
000111101000000000000000000000000000
100111101000000000000000000000000000
010111101000000000000000000000000000
110111101000000000000000000000000000
001111101000000000000000000000000000
101111101000000000000000000000000000
011111101000000000000000000000000000
111111101000000000000000000000000000
000000011000000000000000000000000000
100000011000000000000000000000000000
010000011000000000000000000000000000
110000011000000000000000000000000000
001000011000000000000000000000000000
101000011000000000000000000000000000
011000011000000000000000000000000000
111000011000000000000000000000000000
000100011000000000000000000000000000
100100011000000000000000000000000000
010100011000000000000000000000000000
110100011000000000000000000000000000
001100011000000000000000000000000000
101100011000000000000000000000000000
011100011000000000000000000000000000
111100011000000000000000000000000000
000010011000000000000000000000000000
100010011000000000000000000000000000
010010011000000000000000000000000000
110010011000000000000000000000000000
001010011000000000000000000000000000
101010011000000000000000000000000000
011010011000000000000000000000000000
111010011000000000000000000000000000
000110011000000000000000000000000000
100110011000000000000000000000000000
010110011000000000000000000000000000
110110011000000000000000000000000000
001110011000000000000000000000000000
101110011000000000000000000000000000
011110011000000000000000000000000000
111110011000000000000000000000000000
000001011000000000000000000000000000
100001011000000000000000000000000000
010001011000000000000000000000000000
110001011000000000000000000000000000
001001011000000000000000000000000000
101001011000000000000000000000000000
011001011000000000000000000000000000
111001011000000000000000000000000000
000101011000000000000000000000000000
100101011000000000000000000000000000
010101011000000000000000000000000000
110101011000000000000000000000000000
001101011000000000000000000000000000
101101011000000000000000000000000000
011101011000000000000000000000000000
111101011000000000000000000000000000
000011011000000000000000000000000000
100011011000000000000000000000000000
010011011000000000000000000000000000
110011011000000000000000000000000000
001011011000000000000000000000000000
101011011000000000000000000000000000
011011011000000000000000000000000000
111011011000000000000000000000000000
000111011000000000000000000000000000
100111011000000000000000000000000000
010111011000000000000000000000000000
110111011000000000000000000000000000
001111011000000000000000000000000000
101111011000000000000000000000000000
011111011000000000000000000000000000
111111011000000000000000000000000000
000000111000000000000000000000000000
100000111000000000000000000000000000
010000111000000000000000000000000000
110000111000000000000000000000000000
001000111000000000000000000000000000
101000111000000000000000000000000000
011000111000000000000000000000000000
111000111000000000000000000000000000
000100111000000000000000000000000000
100100111000000000000000000000000000
010100111000000000000000000000000000
110100111000000000000000000000000000
001100111000000000000000000000000000
101100111000000000000000000000000000
011100111000000000000000000000000000
111100111000000000000000000000000000
000010111000000000000000000000000000
100010111000000000000000000000000000
010010111000000000000000000000000000
110010111000000000000000000000000000
001010111000000000000000000000000000
101010111000000000000000000000000000
011010111000000000000000000000000000
111010111000000000000000000000000000
000110111000000000000000000000000000
100110111000000000000000000000000000
010110111000000000000000000000000000
110110111000000000000000000000000000
001110111000000000000000000000000000
101110111000000000000000000000000000
011110111000000000000000000000000000
111110111000000000000000000000000000
000001111000000000000000000000000000
100001111000000000000000000000000000
010001111000000000000000000000000000
110001111000000000000000000000000000
001001111000000000000000000000000000
101001111000000000000000000000000000
011001111000000000000000000000000000
111001111000000000000000000000000000
000101111000000000000000000000000000
100101111000000000000000000000000000
010101111000000000000000000000000000
110101111000000000000000000000000000
001101111000000000000000000000000000
101101111000000000000000000000000000
011101111000000000000000000000000000
111101111000000000000000000000000000
000011111000000000000000000000000000
100011111000000000000000000000000000
010011111000000000000000000000000000
110011111000000000000000000000000000
001011111000000000000000000000000000
101011111000000000000000000000000000
011011111000000000000000000000000000
111011111000000000000000000000000000
000111111000000000000000000000000000
100111111000000000000000000000000000
010111111000000000000000000000000000
110111111000000000000000000000000000
001111111000000000000000000000000000
101111111000000000000000000000000000
