111111111111111111111111111111111111
000000000000000000000000000000000000
100000001000000010000000100000001000
010000000100000001000000010000000100
110000001100000011000000110000001100
001000000010000000100000001000000010
101000001010000010100000101000001010
011000000110000001100000011000000110
111000001110000011100000111000001110
000100000001000000010000000100000001
100100001001000010010000100100001001
010100000101000001010000010100000101
110100001101000011010000110100001101
001100000011000000110000001100000011
101100001011000010110000101100001011
011100000111000001110000011100000111
111100001111000011110000111100001111
000010000000100000001000000010000000
100010001000100010001000100010001000
010010000100100001001000010010000100
110010001100100011001000110010001100
001010000010100000101000001010000010
101010001010100010101000101010001010
011010000110100001101000011010000110
111010001110100011101000111010001110
000110000001100000011000000110000001
100110001001100010011000100110001001
010110000101100001011000010110000101
110110001101100011011000110110001101
001110000011100000111000001110000011
101110001011100010111000101110001011
011110000111100001111000011110000111
111110001111100011111000111110001111
000001000000010000000100000001000000
100001001000010010000100100001001000
010001000100010001000100010001000100
110001001100010011000100110001001100
001001000010010000100100001001000010
101001001010010010100100101001001010
011001000110010001100100011001000110
111001001110010011100100111001001110
000101000001010000010100000101000001
100101001001010010010100100101001001
010101000101010001010100010101000101
110101001101010011010100110101001101
001101000011010000110100001101000011
101101001011010010110100101101001011
011101000111010001110100011101000111
111101001111010011110100111101001111
000011000000110000001100000011000000
100011001000110010001100100011001000
010011000100110001001100010011000100
110011001100110011001100110011001100
001011000010110000101100001011000010
101011001010110010101100101011001010
011011000110110001101100011011000110
111011001110110011101100111011001110
000111000001110000011100000111000001
100111001001110010011100100111001001
010111000101110001011100010111000101
110111001101110011011100110111001101
001111000011110000111100001111000011
101111001011110010111100101111001011
011111000111110001111100011111000111
111111001111110011111100111111001111
000000100000001000000010000000100000
100000101000001010000010100000101000
010000100100001001000010010000100100
110000101100001011000010110000101100
001000100010001000100010001000100010
101000101010001010100010101000101010
011000100110001001100010011000100110
111000101110001011100010111000101110
000100100001001000010010000100100001
100100101001001010010010100100101001
010100100101001001010010010100100101
110100101101001011010010110100101101
001100100011001000110010001100100011
101100101011001010110010101100101011
011100100111001001110010011100100111
111100101111001011110010111100101111
000010100000101000001010000010100000
100010101000101010001010100010101000
010010100100101001001010010010100100
110010101100101011001010110010101100
001010100010101000101010001010100010
101010101010101010101010101010101010
011010100110101001101010011010100110
111010101110101011101010111010101110
000110100001101000011010000110100001
100110101001101010011010100110101001
010110100101101001011010010110100101
110110101101101011011010110110101101
001110100011101000111010001110100011
101110101011101010111010101110101011
011110100111101001111010011110100111
111110101111101011111010111110101111
000001100000011000000110000001100000
100001101000011010000110100001101000
010001100100011001000110010001100100
110001101100011011000110110001101100
001001100010011000100110001001100010
101001101010011010100110101001101010
011001100110011001100110011001100110
111001101110011011100110111001101110
000101100001011000010110000101100001
100101101001011010010110100101101001
010101100101011001010110010101100101
110101101101011011010110110101101101
001101100011011000110110001101100011
101101101011011010110110101101101011
011101100111011001110110011101100111
111101101111011011110110111101101111
000011100000111000001110000011100000
100011101000111010001110100011101000
010011100100111001001110010011100100
110011101100111011001110110011101100
001011100010111000101110001011100010
101011101010111010101110101011101010
011011100110111001101110011011100110
111011101110111011101110111011101110
000111100001111000011110000111100001
100111101001111010011110100111101001
010111100101111001011110010111100101
110111101101111011011110110111101101
001111100011111000111110001111100011
101111101011111010111110101111101011
011111100111111001111110011111100111
111111101111111011111110111111101111
000000010000000100000001000000010000
100000011000000110000001100000011000
010000010100000101000001010000010100
110000011100000111000001110000011100
001000010010000100100001001000010010
101000011010000110100001101000011010
011000010110000101100001011000010110
111000011110000111100001111000011110
000100010001000100010001000100010001
100100011001000110010001100100011001
010100010101000101010001010100010101
110100011101000111010001110100011101
001100010011000100110001001100010011
101100011011000110110001101100011011
011100010111000101110001011100010111
111100011111000111110001111100011111
000010010000100100001001000010010000
100010011000100110001001100010011000
010010010100100101001001010010010100
110010011100100111001001110010011100
001010010010100100101001001010010010
101010011010100110101001101010011010
011010010110100101101001011010010110
111010011110100111101001111010011110
000110010001100100011001000110010001
100110011001100110011001100110011001
010110010101100101011001010110010101
110110011101100111011001110110011101
001110010011100100111001001110010011
101110011011100110111001101110011011
011110010111100101111001011110010111
111110011111100111111001111110011111
000001010000010100000101000001010000
100001011000010110000101100001011000
010001010100010101000101010001010100
110001011100010111000101110001011100
001001010010010100100101001001010010
101001011010010110100101101001011010
011001010110010101100101011001010110
111001011110010111100101111001011110
000101010001010100010101000101010001
100101011001010110010101100101011001
010101010101010101010101010101010101
110101011101010111010101110101011101
001101010011010100110101001101010011
101101011011010110110101101101011011
011101010111010101110101011101010111
111101011111010111110101111101011111
000011010000110100001101000011010000
100011011000110110001101100011011000
010011010100110101001101010011010100
110011011100110111001101110011011100
001011010010110100101101001011010010
101011011010110110101101101011011010
011011010110110101101101011011010110
111011011110110111101101111011011110
000111010001110100011101000111010001
100111011001110110011101100111011001
010111010101110101011101010111010101
110111011101110111011101110111011101
001111010011110100111101001111010011
101111011011110110111101101111011011
011111010111110101111101011111010111
111111011111110111111101111111011111
000000110000001100000011000000110000
100000111000001110000011100000111000
010000110100001101000011010000110100
110000111100001111000011110000111100
001000110010001100100011001000110010
101000111010001110100011101000111010
011000110110001101100011011000110110
111000111110001111100011111000111110
000100110001001100010011000100110001
100100111001001110010011100100111001
010100110101001101010011010100110101
110100111101001111010011110100111101
001100110011001100110011001100110011
101100111011001110110011101100111011
011100110111001101110011011100110111
111100111111001111110011111100111111
000010110000101100001011000010110000
100010111000101110001011100010111000
010010110100101101001011010010110100
110010111100101111001011110010111100
001010110010101100101011001010110010
101010111010101110101011101010111010
011010110110101101101011011010110110
111010111110101111101011111010111110
000110110001101100011011000110110001
100110111001101110011011100110111001
010110110101101101011011010110110101
110110111101101111011011110110111101
001110110011101100111011001110110011
101110111011101110111011101110111011
011110110111101101111011011110110111
111110111111101111111011111110111111
000001110000011100000111000001110000
100001111000011110000111100001111000
010001110100011101000111010001110100
110001111100011111000111110001111100
001001110010011100100111001001110010
101001111010011110100111101001111010
011001110110011101100111011001110110
111001111110011111100111111001111110
000101110001011100010111000101110001
100101111001011110010111100101111001
010101110101011101010111010101110101
110101111101011111010111110101111101
001101110011011100110111001101110011
101101111011011110110111101101111011
011101110111011101110111011101110111
111101111111011111110111111101111111
000011110000111100001111000011110000
100011111000111110001111100011111000
010011110100111101001111010011110100
110011111100111111001111110011111100
001011110010111100101111001011110010
101011111010111110101111101011111010
011011110110111101101111011011110110
111011111110111111101111111011111110
000111110001111100011111000111110001
100111111001111110011111100111111001
010111110101111101011111010111110101
110111111101111111011111110111111101
001111110011111100111111001111110011
101111111011111110111111101111111011
