111111110000000010000000010000001100
000000001000000001000000110000000010
100000000100000011000000001000001010
010000001100000000100000101000000110
110000000010000010100000011000001110
001000001010000001100000111000000001
101000000110000011100000000100001001
011000001110000000010000100100000101
111000000001000010010000010100001101
000100001001000001010000110100000011
100100000101000011010000001100001011
010100001101000000110000101100000111
110100000011000010110000011100001111
001100001011000001110000111100000000
101100000111000011110000000010001000
011100001111000000001000100010000100
111100000000100010001000010010001100
000010001000100001001000110010000010
100010000100100011001000001010001010
010010001100100000101000101010000110
110010000010100010101000011010001110
001010001010100001101000111010000001
101010000110100011101000000110001001
011010001110100000011000100110000101
111010000001100010011000010110001101
000110001001100001011000110110000011
100110000101100011011000001110001011
010110001101100000111000101110000111
110110000011100010111000011110001111
001110001011100001111000111110000000
101110000111100011111000000001001000
011110001111100000000100100001000100
111110000000010010000100010001001100
000001001000010001000100110001000010
100001000100010011000100001001001010
010001001100010000100100101001000110
110001000010010010100100011001001110
001001001010010001100100111001000001
101001000110010011100100000101001001
011001001110010000010100100101000101
111001000001010010010100010101001101
000101001001010001010100110101000011
100101000101010011010100001101001011
010101001101010000110100101101000111
110101000011010010110100011101001111
001101001011010001110100111101000000
101101000111010011110100000011001000
011101001111010000001100100011000100
111101000000110010001100010011001100
000011001000110001001100110011000010
100011000100110011001100001011001010
010011001100110000101100101011000110
110011000010110010101100011011001110
001011001010110001101100111011000001
101011000110110011101100000111001001
011011001110110000011100100111000101
111011000001110010011100010111001101
000111001001110001011100110111000011
100111000101110011011100001111001011
010111001101110000111100101111000111
110111000011110010111100011111001111
001111001011110001111100111111000000
101111000111110011111100000000101000
011111001111110000000010100000100100
111111000000001010000010010000101100
000000101000001001000010110000100010
100000100100001011000010001000101010
010000101100001000100010101000100110
110000100010001010100010011000101110
001000101010001001100010111000100001
101000100110001011100010000100101001
011000101110001000010010100100100101
111000100001001010010010010100101101
000100101001001001010010110100100011
100100100101001011010010001100101011
010100101101001000110010101100100111
110100100011001010110010011100101111
001100101011001001110010111100100000
101100100111001011110010000010101000
011100101111001000001010100010100100
111100100000101010001010010010101100
000010101000101001001010110010100010
100010100100101011001010001010101010
010010101100101000101010101010100110
110010100010101010101010011010101110
001010101010101001101010111010100001
101010100110101011101010000110101001
011010101110101000011010100110100101
111010100001101010011010010110101101
000110101001101001011010110110100011
100110100101101011011010001110101011
010110101101101000111010101110100111
110110100011101010111010011110101111
001110101011101001111010111110100000
101110100111101011111010000001101000
011110101111101000000110100001100100
111110100000011010000110010001101100
000001101000011001000110110001100010
100001100100011011000110001001101010
010001101100011000100110101001100110
110001100010011010100110011001101110
001001101010011001100110111001100001
101001100110011011100110000101101001
011001101110011000010110100101100101
111001100001011010010110010101101101
000101101001011001010110110101100011
100101100101011011010110001101101011
010101101101011000110110101101100111
110101100011011010110110011101101111
001101101011011001110110111101100000
101101100111011011110110000011101000
011101101111011000001110100011100100
111101100000111010001110010011101100
000011101000111001001110110011100010
100011100100111011001110001011101010
010011101100111000101110101011100110
110011100010111010101110011011101110
001011101010111001101110111011100001
101011100110111011101110000111101001
011011101110111000011110100111100101
111011100001111010011110010111101101
000111101001111001011110110111100011
100111100101111011011110001111101011
010111101101111000111110101111100111
110111100011111010111110011111101111
001111101011111001111110111111100000
101111100111111011111110000000011000
011111101111111000000001100000010100
111111100000000110000001010000011100
000000011000000101000001110000010010
100000010100000111000001001000011010
010000011100000100100001101000010110
110000010010000110100001011000011110
001000011010000101100001111000010001
101000010110000111100001000100011001
011000011110000100010001100100010101
111000010001000110010001010100011101
000100011001000101010001110100010011
100100010101000111010001001100011011
010100011101000100110001101100010111
110100010011000110110001011100011111
001100011011000101110001111100010000
101100010111000111110001000010011000
011100011111000100001001100010010100
111100010000100110001001010010011100
000010011000100101001001110010010010
100010010100100111001001001010011010
010010011100100100101001101010010110
110010010010100110101001011010011110
001010011010100101101001111010010001
101010010110100111101001000110011001
011010011110100100011001100110010101
111010010001100110011001010110011101
000110011001100101011001110110010011
100110010101100111011001001110011011
010110011101100100111001101110010111
110110010011100110111001011110011111
001110011011100101111001111110010000
101110010111100111111001000001011000
011110011111100100000101100001010100
111110010000010110000101010001011100
000001011000010101000101110001010010
100001010100010111000101001001011010
010001011100010100100101101001010110
110001010010010110100101011001011110
001001011010010101100101111001010001
101001010110010111100101000101011001
011001011110010100010101100101010101
111001010001010110010101010101011101
000101011001010101010101110101010011
100101010101010111010101001101011011
010101011101010100110101101101010111
110101010011010110110101011101011111
001101011011010101110101111101010000
101101010111010111110101000011011000
011101011111010100001101100011010100
111101010000110110001101010011011100
000011011000110101001101110011010010
100011010100110111001101001011011010
010011011100110100101101101011010110
110011010010110110101101011011011110
001011011010110101101101111011010001
101011010110110111101101000111011001
011011011110110100011101100111010101
111011010001110110011101010111011101
000111011001110101011101110111010011
100111010101110111011101001111011011
010111011101110100111101101111010111
110111010011110110111101011111011111
001111011011110101111101111111010000
101111010111110111111101000000111000
011111011111110100000011100000110100
111111010000001110000011010000111100
000000111000001101000011110000110010
100000110100001111000011001000111010
010000111100001100100011101000110110
110000110010001110100011011000111110
001000111010001101100011111000110001
101000110110001111100011000100111001
011000111110001100010011100100110101
111000110001001110010011010100111101
000100111001001101010011110100110011
100100110101001111010011001100111011
010100111101001100110011101100110111
110100110011001110110011011100111111
001100111011001101110011111100110000
101100110111001111110011000010111000
011100111111001100001011100010110100
111100110000101110001011010010111100
000010111000101101001011110010110010
100010110100101111001011001010111010
010010111100101100101011101010110110
110010110010101110101011011010111110
001010111010101101101011111010110001
101010110110101111101011000110111001
011010111110101100011011100110110101
111010110001101110011011010110111101
000110111001101101011011110110110011
100110110101101111011011001110111011
010110111101101100111011101110110111
110110110011101110111011011110111111
001110111011101101111011111110110000
101110110111101111111011000001111000
011110111111101100000111100001110100
111110110000011110000111010001111100
000001111000011101000111110001110010
100001110100011111000111001001111010
010001111100011100100111101001110110
110001110010011110100111011001111110
001001111010011101100111111001110001
101001110110011111100111000101111001
011001111110011100010111100101110101
111001110001011110010111010101111101
000101111001011101010111110101110011
100101110101011111010111001101111011
010101111101011100110111101101110111
110101110011011110110111011101111111
001101111011011101110111111101110000
101101110111011111110111000011111000
011101111111011100001111100011110100
111101110000111110001111010011111100
000011111000111101001111110011110010
100011110100111111001111001011111010
010011111100111100101111101011110110
110011110010111110101111011011111110
001011111010111101101111111011110001
101011110110111111101111000111111001
011011111110111100011111100111110101
111011110001111110011111010111111101
000111111001111101011111110111110011
100111110101111111011111001111111011
010111111101111100111111101111110111
110111110011111110111111011111111111
001111111011111101111111111111110000
101111110111111111111111000000001000
