111111111111111111111111111111111111
110001111100011111000111110001111100
111110111111101111111011111110111111
110001011100010111000101110001011100
111110101111101011111010111110101111
011111010111110101111101011111010111
100001101000011010000110100001101000
010000110100001101000011010000110100
101110011011100110111001101110011011
110001001100010011000100110001001100
011000100110001001100010011000100110
001100010011000100110001001100010011
101000001010000010100000101000001010
010100000101000001010000010100000101
001010000010100000101000001010000010
000101000001010000010100000101000001
000010100000101000001010000010100000
000001010000010100000101000001010000
101110101011101010111010101110101011
010111010101110101011101010111010101
100011101000111010001110100011101000
010001110100011101000111010001110100
101110111011101110111011101110111011
110001011100010111000101110001011100
111110101111101011111010111110101111
011111010111110101111101011111010111
100001101000011010000110100001101000
010000110100001101000011010000110100
101110011011100110111001101110011011
110001001100010011000100110001001100
011000100110001001100010011000100110
001100010011000100110001001100010011
101000001010000010100000101000001010
010100000101000001010000010100000101
001010000010100000101000001010000010
000101000001010000010100000101000001
000010100000101000001010000010100000
000001010000010100000101000001010000
101110101011101010111010101110101011
010111010101110101011101010111010101
100011101000111010001110100011101000
010001110100011101000111010001110100
101110111011101110111011101110111011
110001011100010111000101110001011100
111110101111101011111010111110101111
011111010111110101111101011111010111
100001101000011010000110100001101000
010000110100001101000011010000110100
101110011011100110111001101110011011
110001001100010011000100110001001100
011000100110001001100010011000100110
001100010011000100110001001100010011
101000001010000010100000101000001010
010100000101000001010000010100000101
001010000010100000101000001010000010
000101000001010000010100000101000001
000010100000101000001010000010100000
000001010000010100000101000001010000
101110101011101010111010101110101011
010111010101110101011101010111010101
100011101000111010001110100011101000
010001110100011101000111010001110100
101110111011101110111011101110111011
110001011100010111000101110001011100
111110101111101011111010111110101111
011111010111110101111101011111010111
100001101000011010000110100001101000
010000110100001101000011010000110100
101110011011100110111001101110011011
110001001100010011000100110001001100
011000100110001001100010011000100110
001100010011000100110001001100010011
101000001010000010100000101000001010
010100000101000001010000010100000101
001010000010100000101000001010000010
000101000001010000010100000101000001
000010100000101000001010000010100000
000001010000010100000101000001010000
101110101011101010111010101110101011
010111010101110101011101010111010101
100011101000111010001110100011101000
010001110100011101000111010001110100
101110111011101110111011101110111011
110001011100010111000101110001011100
111110101111101011111010111110101111
011111010111110101111101011111010111
100001101000011010000110100001101000
010000110100001101000011010000110100
101110011011100110111001101110011011
110001001100010011000100110001001100
011000100110001001100010011000100110
001100010011000100110001001100010011
101000001010000010100000101000001010
010100000101000001010000010100000101
001010000010100000101000001010000010
000101000001010000010100000101000001
000010100000101000001010000010100000
000001010000010100000101000001010000
101110101011101010111010101110101011
010111010101110101011101010111010101
100011101000111010001110100011101000
010001110100011101000111010001110100
101110111011101110111011101110111011
110001011100010111000101110001011100
111110101111101011111010111110101111
011111010111110101111101011111010111
100001101000011010000110100001101000
010000110100001101000011010000110100
101110011011100110111001101110011011
110001001100010011000100110001001100
011000100110001001100010011000100110
001100010011000100110001001100010011
101000001010000010100000101000001010
010100000101000001010000010100000101
001010000010100000101000001010000010
000101000001010000010100000101000001
000010100000101000001010000010100000
000001010000010100000101000001010000
101110101011101010111010101110101011
010111010101110101011101010111010101
100011101000111010001110100011101000
010001110100011101000111010001110100
101110111011101110111011101110111011
110001011100010111000101110001011100
111110101111101011111010111110101111
011111010111110101111101011111010111
100001101000011010000110100001101000
010000110100001101000011010000110100
101110011011100110111001101110011011
110001001100010011000100110001001100
011000100110001001100010011000100110
001100010011000100110001001100010011
101000001010000010100000101000001010
010100000101000001010000010100000101
001010000010100000101000001010000010
000101000001010000010100000101000001
000010100000101000001010000010100000
000001010000010100000101000001010000
101110101011101010111010101110101011
010111010101110101011101010111010101
100011101000111010001110100011101000
010001110100011101000111010001110100
101110111011101110111011101110111011
110001011100010111000101110001011100
111110101111101011111010111110101111
011111010111110101111101011111010111
100001101000011010000110100001101000
010000110100001101000011010000110100
101110011011100110111001101110011011
110001001100010011000100110001001100
011000100110001001100010011000100110
001100010011000100110001001100010011
101000001010000010100000101000001010
010100000101000001010000010100000101
001010000010100000101000001010000010
000101000001010000010100000101000001
000010100000101000001010000010100000
000001010000010100000101000001010000
101110101011101010111010101110101011
010111010101110101011101010111010101
100011101000111010001110100011101000
010001110100011101000111010001110100
101110111011101110111011101110111011
110001011100010111000101110001011100
111110101111101011111010111110101111
011111010111110101111101011111010111
100001101000011010000110100001101000
010000110100001101000011010000110100
101110011011100110111001101110011011
110001001100010011000100110001001100
011000100110001001100010011000100110
001100010011000100110001001100010011
101000001010000010100000101000001010
010100000101000001010000010100000101
001010000010100000101000001010000010
000101000001010000010100000101000001
000010100000101000001010000010100000
000001010000010100000101000001010000
101110101011101010111010101110101011
010111010101110101011101010111010101
100011101000111010001110100011101000
010001110100011101000111010001110100
101110111011101110111011101110111011
110001011100010111000101110001011100
111110101111101011111010111110101111
011111010111110101111101011111010111
100001101000011010000110100001101000
010000110100001101000011010000110100
101110011011100110111001101110011011
110001001100010011000100110001001100
011000100110001001100010011000100110
001100010011000100110001001100010011
101000001010000010100000101000001010
010100000101000001010000010100000101
001010000010100000101000001010000010
000101000001010000010100000101000001
000010100000101000001010000010100000
000001010000010100000101000001010000
101110101011101010111010101110101011
010111010101110101011101010111010101
100011101000111010001110100011101000
010001110100011101000111010001110100
101110111011101110111011101110111011
110001011100010111000101110001011100
111110101111101011111010111110101111
011111010111110101111101011111010111
100001101000011010000110100001101000
010000110100001101000011010000110100
101110011011100110111001101110011011
110001001100010011000100110001001100
011000100110001001100010011000100110
001100010011000100110001001100010011
101000001010000010100000101000001010
010100000101000001010000010100000101
001010000010100000101000001010000010
000101000001010000010100000101000001
000010100000101000001010000010100000
000001010000010100000101000001010000
101110101011101010111010101110101011
010111010101110101011101010111010101
100011101000111010001110100011101000
010001110100011101000111010001110100
101110111011101110111011101110111011
110001011100010111000101110001011100
111110101111101011111010111110101111
011111010111110101111101011111010111
100001101000011010000110100001101000
010000110100001101000011010000110100
101110011011100110111001101110011011
110001001100010011000100110001001100
011000100110001001100010011000100110
001100010011000100110001001100010011
101000001010000010100000101000001010
010100000101000001010000010100000101
001010000010100000101000001010000010
000101000001010000010100000101000001
000010100000101000001010000010100000
000001010000010100000101000001010000
101110101011101010111010101110101011
010111010101110101011101010111010101
100011101000111010001110100011101000
010001110100011101000111010001110100
101110111011101110111011101110111011
110001011100010111000101110001011100
111110101111101011111010111110101111
011111010111110101111101011111010111
100001101000011010000110100001101000
010000110100001101000011010000110100
101110011011100110111001101110011011
110001001100010011000100110001001100
011000100110001001100010011000100110
001100010011000100110001001100010011
101000001010000010100000101000001010
010100000101000001010000010100000101
001010000010100000101000001010000010
